==============================================
 LPR381 Programming Solver - Output Report
 Algorithm: Primal Simplex Algorithm
==============================================

Original Model:
max +2 x1 +3 x2 +3 x3 +5 x4 +2 x5 +4 x6 
+11 x1 +8 x2 +6 x3 +14 x4 +10 x5 +10 x6 <= 40
Sign restrictions: Bin Bin Bin Bin Bin Bin 

Canonical Form and Tableau Iterations:
(Iteration 0 is the Canonical Form before any pivoting.)

--- Iteration 0 ---
Basis	x1	x2	x3	x4	x5	x6	s1	s2	s3	s4	s5	s6	s7	RHS
s1	11	8	6	14	10	10	1	0	0	0	0	0	0	40
s2	1	0	0	0	0	0	0	1	0	0	0	0	0	1
s3	0	1	0	0	0	0	0	0	1	0	0	0	0	1
s4	0	0	1	0	0	0	0	0	0	1	0	0	0	1
s5	0	0	0	1	0	0	0	0	0	0	1	0	0	1
s6	0	0	0	0	1	0	0	0	0	0	0	1	0	1
s7	0	0	0	0	0	1	0	0	0	0	0	0	1	1
Cj-Zj	2	3	3	5	2	4	0	0	0	0	0	0	0	Obj=0

--- Iteration 1 ---
Basis	x1	x2	x3	x4	x5	x6	s1	s2	s3	s4	s5	s6	s7	RHS
s1	11	8	6	0	10	10	1	0	0	0	-14	0	0	26
s2	1	0	0	0	0	0	0	1	0	0	0	0	0	1
s3	0	1	0	0	0	0	0	0	1	0	0	0	0	1
s4	0	0	1	0	0	0	0	0	0	1	0	0	0	1
x4	0	0	0	1	0	0	0	0	0	0	1	0	0	1
s6	0	0	0	0	1	0	0	0	0	0	0	1	0	1
s7	0	0	0	0	0	1	0	0	0	0	0	0	1	1
Cj-Zj	2	3	3	0	2	4	0	0	0	0	-5	0	0	Obj=5

--- Iteration 2 ---
Basis	x1	x2	x3	x4	x5	x6	s1	s2	s3	s4	s5	s6	s7	RHS
s1	11	8	6	0	10	0	1	0	0	0	-14	0	-10	16
s2	1	0	0	0	0	0	0	1	0	0	0	0	0	1
s3	0	1	0	0	0	0	0	0	1	0	0	0	0	1
s4	0	0	1	0	0	0	0	0	0	1	0	0	0	1
x4	0	0	0	1	0	0	0	0	0	0	1	0	0	1
s6	0	0	0	0	1	0	0	0	0	0	0	1	0	1
x6	0	0	0	0	0	1	0	0	0	0	0	0	1	1
Cj-Zj	2	3	3	0	2	0	0	0	0	0	-5	0	-4	Obj=9

--- Iteration 3 ---
Basis	x1	x2	x3	x4	x5	x6	s1	s2	s3	s4	s5	s6	s7	RHS
s1	11	0	6	0	10	0	1	0	-8	0	-14	0	-10	8
s2	1	0	0	0	0	0	0	1	0	0	0	0	0	1
x2	0	1	0	0	0	0	0	0	1	0	0	0	0	1
s4	0	0	1	0	0	0	0	0	0	1	0	0	0	1
x4	0	0	0	1	0	0	0	0	0	0	1	0	0	1
s6	0	0	0	0	1	0	0	0	0	0	0	1	0	1
x6	0	0	0	0	0	1	0	0	0	0	0	0	1	1
Cj-Zj	2	0	3	0	2	0	0	0	-3	0	-5	0	-4	Obj=12

--- Iteration 4 ---
Basis	x1	x2	x3	x4	x5	x6	s1	s2	s3	s4	s5	s6	s7	RHS
s1	11	0	0	0	10	0	1	0	-8	-6	-14	0	-10	2
s2	1	0	0	0	0	0	0	1	0	0	0	0	0	1
x2	0	1	0	0	0	0	0	0	1	0	0	0	0	1
x3	0	0	1	0	0	0	0	0	0	1	0	0	0	1
x4	0	0	0	1	0	0	0	0	0	0	1	0	0	1
s6	0	0	0	0	1	0	0	0	0	0	0	1	0	1
x6	0	0	0	0	0	1	0	0	0	0	0	0	1	1
Cj-Zj	2	0	0	0	2	0	0	0	-3	-3	-5	0	-4	Obj=15

--- Iteration 5 ---
Basis	x1	x2	x3	x4	x5	x6	s1	s2	s3	s4	s5	s6	s7	RHS
x1	1	0	0	0	0,909	0	0,091	0	-0,727	-0,545	-1,273	0	-0,909	0,182
s2	0	0	0	0	-0,909	0	-0,091	1	0,727	0,545	1,273	0	0,909	0,818
x2	0	1	0	0	0	0	0	0	1	0	0	0	0	1
x3	0	0	1	0	0	0	0	0	0	1	0	0	0	1
x4	0	0	0	1	0	0	0	0	0	0	1	0	0	1
s6	0	0	0	0	1	0	0	0	0	0	0	1	0	1
x6	0	0	0	0	0	1	0	0	0	0	0	0	1	1
Cj-Zj	0	0	0	0	0,182	0	-0,182	0	-1,545	-1,909	-2,455	0	-2,182	Obj=15,364

--- Iteration 6 ---
Basis	x1	x2	x3	x4	x5	x6	s1	s2	s3	s4	s5	s6	s7	RHS
x5	1,1	0	0	0	1	0	0,1	0	-0,8	-0,6	-1,4	0	-1	0,2
s2	1	0	0	0	0	0	0	1	0	0	0	0	0	1
x2	0	1	0	0	0	0	0	0	1	0	0	0	0	1
x3	0	0	1	0	0	0	0	0	0	1	0	0	0	1
x4	0	0	0	1	0	0	0	0	0	0	1	0	0	1
s6	-1,1	0	0	0	0	0	-0,1	0	0,8	0,6	1,4	1	1	0,8
x6	0	0	0	0	0	1	0	0	0	0	0	0	1	1
Cj-Zj	-0,2	0	0	0	0	0	-0,2	0	-1,4	-1,8	-2,2	0	-2	Obj=15,4

Result:
Status: Optimal
Objective value: 15,4
x1 = 0
x2 = 1
x3 = 1
x4 = 1
x5 = 0,2
x6 = 1
